eye 0 -1 -12.5
look 1 5 0 
up 0 1 0
d 5
bounds -2.0 -2.0 2.0 2.0
res 256 256
recursionLevel 6
ambient 0.2 0.2 0.2
light 0 0 0 1 1 1 1
light 0 0 0 1 1 1 1
light 0 0 0 1 1 1 1
light 0 0 0 1 1 1 1
light 0 0 0 1 1 1 1
light 0 0 -5 1 1 1 1
light 0 0 -5 1 1 1 1
light 0 0 -5 1 1 1 1
light 0 0 -5 1 1 1 1
light 0 0 -5 1 1 1 1
light 0 0 -5 1 1 1 1
light -5 -5 0 1 1 1 1
light -5 -5 0 1 1 1 1
light -5 -5 0 1 1 1 1
light -5 -5 0 1 1 1 1
light -5 -5 0 1 1 1 1
light 5 5 0 1 1 1 1
light 5 5 0 1 1 1 1
light 5 5 0 1 1 1 1
light 5 5 0 1 1 1 1
light 5 5 0 1 1 1 1
light 1 5 80 1 1 1 1
light 1 5 80 1 1 1 1
light 1 5 80 1 1 1 1
light 1 5 80 1 1 1 1
light 1 5 80 1 1 1 1
# pyramid down
# base spheres
sphere 3.5 -1.5 -2 0.5 1.0 0.0 0.0 1.0 0.0 0.0 1.0 1.0 1.0 0.9 0.9 0.9 1.0 1.0 1.0 32 1.3
sphere 2.5 -1.5 -2 0.5 0.0 1.0 0.0 0.0 1.0 0.0 1.0 1.0 1.0 0.9 0.9 0.9 1.0 1.0 1.0 32 1.3
sphere 1.5 -1.5 -2 0.5 0.0 0.0 1.0 0.0 0.0 1.0 1.0 1.0 1.0 0.9 0.9 0.9 1.0 1.0 1.0 32 1.3
sphere 0.5 -1.5 -2 0.5 1.0 0.0 0.0 1.0 0.0 0.0 1.0 1.0 1.0 0.9 0.9 0.9 1.0 1.0 1.0 32 1.3
sphere -0.5 -1.5 -2 0.5 0.0 1.0 0.0 0.0 1.0 0.0 1.0 1.0 1.0 0.9 0.9 0.9 1.0 1.0 1.0 32 1.3
sphere -1.5 -1.5 -2 0.5 0.0 0.0 1.0 0.0 0.0 1.0 1.0 1.0 1.0 0.9 0.9 0.9 1.0 1.0 1.0 32 1.3
sphere 3.5 -1.5 -1 0.5 1.0 0.0 0.0 1.0 0.0 0.0 1.0 1.0 1.0 0.9 0.9 0.9 1.0 1.0 1.0 32 1.3
sphere 2.5 -1.5 -1 0.5 0.0 1.0 0.0 0.0 1.0 0.0 1.0 1.0 1.0 0.9 0.9 0.9 1.0 1.0 1.0 32 1.3
sphere 1.5 -1.5 -1 0.5 0.0 0.0 1.0 0.0 0.0 1.0 1.0 1.0 1.0 0.9 0.9 0.9 1.0 1.0 1.0 32 1.3
sphere 0.5 -1.5 -1 0.5 1.0 0.0 0.0 1.0 0.0 0.0 1.0 1.0 1.0 0.9 0.9 0.9 1.0 1.0 1.0 32 1.3
sphere -0.5 -1.5 -1 0.5 0.0 1.0 0.0 0.0 1.0 0.0 1.0 1.0 1.0 0.9 0.9 0.9 1.0 1.0 1.0 32 1.3
sphere -1.5 -1.5 -1 0.5 0.0 0.0 1.0 0.0 0.0 1.0 1.0 1.0 1.0 0.9 0.9 0.9 1.0 1.0 1.0 32 1.3
sphere 3.5 -1.5 0 0.5 1.0 0.0 0.0 1.0 0.0 0.0 1.0 1.0 1.0 0.9 0.9 0.9 1.0 1.0 1.0 32 1.3
sphere 2.5 -1.5 0 0.5 0.0 1.0 0.0 0.0 1.0 0.0 1.0 1.0 1.0 0.9 0.9 0.9 1.0 1.0 1.0 32 1.3
sphere 1.5 -1.5 0 0.5 0.0 0.0 1.0 0.0 0.0 1.0 1.0 1.0 1.0 0.9 0.9 0.9 1.0 1.0 1.0 32 1.3
sphere 0.5 -1.5 0 0.5 1.0 0.0 0.0 1.0 0.0 0.0 1.0 1.0 1.0 0.9 0.9 0.9 1.0 1.0 1.0 32 1.3
sphere -0.5 -1.5 0 0.5 0.0 1.0 0.0 0.0 1.0 0.0 1.0 1.0 1.0 0.9 0.9 0.9 1.0 1.0 1.0 32 1.3
sphere -1.5 -1.5 0 0.5 0.0 0.0 1.0 0.0 0.0 1.0 1.0 1.0 1.0 0.9 0.9 0.9 1.0 1.0 1.0 32 1.3
sphere 3.5 -1.5 1 0.5 1.0 0.0 0.0 1.0 0.0 0.0 1.0 1.0 1.0 0.9 0.9 0.9 1.0 1.0 1.0 32 1.3
sphere 2.5 -1.5 1 0.5 0.0 1.0 0.0 0.0 1.0 0.0 1.0 1.0 1.0 0.9 0.9 0.9 1.0 1.0 1.0 32 1.3
sphere 1.5 -1.5 1 0.5 0.0 0.0 1.0 0.0 0.0 1.0 1.0 1.0 1.0 0.9 0.9 0.9 1.0 1.0 1.0 32 1.3
sphere 0.5 -1.5 1 0.5 1.0 0.0 0.0 1.0 0.0 0.0 1.0 1.0 1.0 0.9 0.9 0.9 1.0 1.0 1.0 32 1.3
sphere -0.5 -1.5 1 0.5 0.0 1.0 0.0 0.0 1.0 0.0 1.0 1.0 1.0 0.9 0.9 0.9 1.0 1.0 1.0 32 1.3
sphere -1.5 -1.5 1 0.5 0.0 0.0 1.0 0.0 0.0 1.0 1.0 1.0 1.0 0.9 0.9 0.9 1.0 1.0 1.0 32 1.3
sphere 3.5 -1.5 2 0.5 1.0 0.0 0.0 1.0 0.0 0.0 1.0 1.0 1.0 0.9 0.9 0.9 1.0 1.0 1.0 32 1.3
sphere 2.5 -1.5 2 0.5 0.0 1.0 0.0 0.0 1.0 0.0 1.0 1.0 1.0 0.9 0.9 0.9 1.0 1.0 1.0 32 1.3
sphere 1.5 -1.5 2 0.5 0.0 0.0 1.0 0.0 0.0 1.0 1.0 1.0 1.0 0.9 0.9 0.9 1.0 1.0 1.0 32 1.3
sphere 0.5 -1.5 2 0.5 1.0 0.0 0.0 1.0 0.0 0.0 1.0 1.0 1.0 0.9 0.9 0.9 1.0 1.0 1.0 32 1.3
sphere -0.5 -1.5 2 0.5 0.0 1.0 0.0 0.0 1.0 0.0 1.0 1.0 1.0 0.9 0.9 0.9 1.0 1.0 1.0 32 1.3
sphere -1.5 -1.5 2 0.5 0.0 0.0 1.0 0.0 0.0 1.0 1.0 1.0 1.0 0.9 0.9 0.9 1.0 1.0 1.0 32 1.3
sphere 3.5 -1.5 3 0.5 1.0 0.0 0.0 1.0 0.0 0.0 1.0 1.0 1.0 0.9 0.9 0.9 1.0 1.0 1.0 32 1.3
sphere 2.5 -1.5 3 0.5 0.0 1.0 0.0 0.0 1.0 0.0 1.0 1.0 1.0 0.9 0.9 0.9 1.0 1.0 1.0 32 1.3
sphere 1.5 -1.5 3 0.5 0.0 0.0 1.0 0.0 0.0 1.0 1.0 1.0 1.0 0.9 0.9 0.9 1.0 1.0 1.0 32 1.3
sphere 0.5 -1.5 3 0.5 1.0 0.0 0.0 1.0 0.0 0.0 1.0 1.0 1.0 0.9 0.9 0.9 1.0 1.0 1.0 32 1.3
sphere -0.5 -1.5 3 0.5 0.0 1.0 0.0 0.0 1.0 0.0 1.0 1.0 1.0 0.9 0.9 0.9 1.0 1.0 1.0 32 1.3
sphere -1.5 -1.5 3 0.5 0.0 0.0 1.0 0.0 0.0 1.0 1.0 1.0 1.0 0.9 0.9 0.9 1.0 1.0 1.0 32 1.3
# level 1 spheres
sphere 3 -0.5 -1.5 0.5 1.0 0.0 0.0 1.0 0.0 0.0 1.0 1.0 1.0 0.9 0.9 0.9 1.0 1.0 1.0 32 1.3
sphere 2 -0.5 -1.5 0.5 0.0 1.0 0.0 0.0 1.0 0.0 1.0 1.0 1.0 0.9 0.9 0.9 1.0 1.0 1.0 32 1.3
sphere 1 -0.5 -1.5 0.5 0.0 0.0 1.0 0.0 0.0 1.0 1.0 1.0 1.0 0.9 0.9 0.9 1.0 1.0 1.0 32 1.3
sphere 0 -0.5 -1.5 0.5 1.0 0.0 0.0 1.0 0.0 0.0 1.0 1.0 1.0 0.9 0.9 0.9 1.0 1.0 1.0 32 1.3
sphere -1 -0.5 -1.5 0.5 0.0 1.0 0.0 0.0 1.0 0.0 1.0 1.0 1.0 0.9 0.9 0.9 1.0 1.0 1.0 32 1.3
sphere 3 -0.5 -0.5 0.5 1.0 0.0 0.0 1.0 0.0 0.0 1.0 1.0 1.0 0.9 0.9 0.9 1.0 1.0 1.0 32 1.3
sphere 2 -0.5 -0.5 0.5 0.0 1.0 0.0 0.0 1.0 0.0 1.0 1.0 1.0 0.9 0.9 0.9 1.0 1.0 1.0 32 1.3
sphere 1 -0.5 -0.5 0.5 0.0 0.0 1.0 0.0 0.0 1.0 1.0 1.0 1.0 0.9 0.9 0.9 1.0 1.0 1.0 32 1.3
sphere 0 -0.5 -0.5 0.5 1.0 0.0 0.0 1.0 0.0 0.0 1.0 1.0 1.0 0.9 0.9 0.9 1.0 1.0 1.0 32 1.3
sphere -1 -0.5 -0.5 0.5 0.0 1.0 0.0 0.0 1.0 0.0 1.0 1.0 1.0 0.9 0.9 0.9 1.0 1.0 1.0 32 1.3
sphere 3 -0.5 0.5 0.5 1.0 0.0 0.0 1.0 0.0 0.0 1.0 1.0 1.0 0.9 0.9 0.9 1.0 1.0 1.0 32 1.3
sphere 2 -0.5 0.5 0.5 0.0 1.0 0.0 0.0 1.0 0.0 1.0 1.0 1.0 0.9 0.9 0.9 1.0 1.0 1.0 32 1.3
sphere 1 -0.5 0.5 0.5 0.0 0.0 1.0 0.0 0.0 1.0 1.0 1.0 1.0 0.9 0.9 0.9 1.0 1.0 1.0 32 1.3
sphere 0 -0.5 0.5 0.5 1.0 0.0 0.0 1.0 0.0 0.0 1.0 1.0 1.0 0.9 0.9 0.9 1.0 1.0 1.0 32 1.3
sphere -1 -0.5 0.5 0.5 0.0 1.0 0.0 0.0 1.0 0.0 1.0 1.0 1.0 0.9 0.9 0.9 1.0 1.0 1.0 32 1.3
sphere 3 -0.5 1.5 0.5 1.0 0.0 0.0 1.0 0.0 0.0 1.0 1.0 1.0 0.9 0.9 0.9 1.0 1.0 1.0 32 1.3
sphere 2 -0.5 1.5 0.5 0.0 1.0 0.0 0.0 1.0 0.0 1.0 1.0 1.0 0.9 0.9 0.9 1.0 1.0 1.0 32 1.3
sphere 1 -0.5 1.5 0.5 0.0 0.0 1.0 0.0 0.0 1.0 1.0 1.0 1.0 0.9 0.9 0.9 1.0 1.0 1.0 32 1.3
sphere 0 -0.5 1.5 0.5 1.0 0.0 0.0 1.0 0.0 0.0 1.0 1.0 1.0 0.9 0.9 0.9 1.0 1.0 1.0 32 1.3
sphere -1 -0.5 1.5 0.5 0.0 1.0 0.0 0.0 1.0 0.0 1.0 1.0 1.0 0.9 0.9 0.9 1.0 1.0 1.0 32 1.3
sphere 3 -0.5 2.5 0.5 1.0 0.0 0.0 1.0 0.0 0.0 1.0 1.0 1.0 0.9 0.9 0.9 1.0 1.0 1.0 32 1.3
sphere 2 -0.5 2.5 0.5 0.0 1.0 0.0 0.0 1.0 0.0 1.0 1.0 1.0 0.9 0.9 0.9 1.0 1.0 1.0 32 1.3
sphere 1 -0.5 2.5 0.5 0.0 0.0 1.0 0.0 0.0 1.0 1.0 1.0 1.0 0.9 0.9 0.9 1.0 1.0 1.0 32 1.3
sphere 0 -0.5 2.5 0.5 1.0 0.0 0.0 1.0 0.0 0.0 1.0 1.0 1.0 0.9 0.9 0.9 1.0 1.0 1.0 32 1.3
sphere -1 -0.5 2.5 0.5 0.0 1.0 0.0 0.0 1.0 0.0 1.0 1.0 1.0 0.9 0.9 0.9 1.0 1.0 1.0 32 1.3
# level 2 spheres
sphere 2.5 0.5 2 0.5 1.0 0.0 0.0 1.0 0.0 0.0 1.0 1.0 1.0 0.9 0.9 0.9 1.0 1.0 1.0 32 1.3
sphere 1.5 0.5 2 0.5 0.0 1.0 0.0 0.0 1.0 0.0 1.0 1.0 1.0 0.9 0.9 0.9 1.0 1.0 1.0 32 1.3
sphere 0.5 0.5 2 0.5 0.0 0.0 1.0 0.0 0.0 1.0 1.0 1.0 1.0 0.9 0.9 0.9 1.0 1.0 1.0 32 1.3
sphere -0.5 0.5 2 0.5 1.0 0.0 0.0 1.0 0.0 0.0 1.0 1.0 1.0 0.9 0.9 0.9 1.0 1.0 1.0 32 1.3
sphere 2.5 0.5 1 0.5 1.0 0.0 0.0 1.0 0.0 0.0 1.0 1.0 1.0 0.9 0.9 0.9 1.0 1.0 1.0 32 1.3
sphere 1.5 0.5 1 0.5 0.0 1.0 0.0 0.0 1.0 0.0 1.0 1.0 1.0 0.9 0.9 0.9 1.0 1.0 1.0 32 1.3
sphere 0.5 0.5 1 0.5 0.0 0.0 1.0 0.0 0.0 1.0 1.0 1.0 1.0 0.9 0.9 0.9 1.0 1.0 1.0 32 1.3
sphere -0.5 0.5 1 0.5 1.0 0.0 0.0 1.0 0.0 0.0 1.0 1.0 1.0 0.9 0.9 0.9 1.0 1.0 1.0 32 1.3
sphere 2.5 0.5 0 0.5 1.0 0.0 0.0 1.0 0.0 0.0 1.0 1.0 1.0 0.9 0.9 0.9 1.0 1.0 1.0 32 1.3
sphere 1.5 0.5 0 0.5 0.0 1.0 0.0 0.0 1.0 0.0 1.0 1.0 1.0 0.9 0.9 0.9 1.0 1.0 1.0 32 1.3
sphere 0.5 0.5 0 0.5 0.0 0.0 1.0 0.0 0.0 1.0 1.0 1.0 1.0 0.9 0.9 0.9 1.0 1.0 1.0 32 1.3
sphere -0.5 0.5 0 0.5 1.0 0.0 0.0 1.0 0.0 0.0 1.0 1.0 1.0 0.9 0.9 0.9 1.0 1.0 1.0 32 1.3
sphere 2.5 0.5 -1 0.5 1.0 0.0 0.0 1.0 0.0 0.0 1.0 1.0 1.0 0.9 0.9 0.9 1.0 1.0 1.0 32 1.3
sphere 1.5 0.5 -1 0.5 0.0 1.0 0.0 0.0 1.0 0.0 1.0 1.0 1.0 0.9 0.9 0.9 1.0 1.0 1.0 32 1.3
sphere 0.5 0.5 -1 0.5 0.0 0.0 1.0 0.0 0.0 1.0 1.0 1.0 1.0 0.9 0.9 0.9 1.0 1.0 1.0 32 1.3
sphere -0.5 0.5 -1 0.5 1.0 0.0 0.0 1.0 0.0 0.0 1.0 1.0 1.0 0.9 0.9 0.9 1.0 1.0 1.0 32 1.3
# level 3 spheres
sphere 2 1.5 1.5 0.5 1.0 0.0 0.0 1.0 0.0 0.0 1.0 1.0 1.0 0.9 0.9 0.9 1.0 1.0 1.0 32 1.3
sphere 1 1.5 1.5 0.5 0.0 1.0 0.0 0.0 1.0 0.0 1.0 1.0 1.0 0.9 0.9 0.9 1.0 1.0 1.0 32 1.3
sphere 0 1.5 1.5 0.5 0.0 0.0 1.0 0.0 0.0 1.0 1.0 1.0 1.0 0.9 0.9 0.9 1.0 1.0 1.0 32 1.3
sphere 2 1.5 0.5 0.5 1.0 0.0 0.0 1.0 0.0 0.0 1.0 1.0 1.0 0.9 0.9 0.9 1.0 1.0 1.0 32 1.3
sphere 1 1.5 0.5 0.5 0.0 1.0 0.0 0.0 1.0 0.0 1.0 1.0 1.0 0.9 0.9 0.9 1.0 1.0 1.0 32 1.3
sphere 0 1.5 0.5 0.5 0.0 0.0 1.0 0.0 0.0 1.0 1.0 1.0 1.0 0.9 0.9 0.9 1.0 1.0 1.0 32 1.3
sphere 2 1.5 -0.5 0.5 1.0 0.0 0.0 1.0 0.0 0.0 1.0 1.0 1.0 0.9 0.9 0.9 1.0 1.0 1.0 32 1.3
sphere 1 1.5 -0.5 0.5 0.0 1.0 0.0 0.0 1.0 0.0 1.0 1.0 1.0 0.9 0.9 0.9 1.0 1.0 1.0 32 1.3
sphere 0 1.5 -0.5 0.5 0.0 0.0 1.0 0.0 0.0 1.0 1.0 1.0 1.0 0.9 0.9 0.9 1.0 1.0 1.0 32 1.3
# level 4 spheres
sphere 1.5 2.5 1 0.5 1.0 0.0 0.0 1.0 0.0 0.0 1.0 1.0 1.0 0.9 0.9 0.9 1.0 1.0 1.0 32 1.3
sphere 0.5 2.5 1 0.5 0.0 1.0 0.0 0.0 1.0 0.0 1.0 1.0 1.0 0.9 0.9 0.9 1.0 1.0 1.0 32 1.3
sphere 1.5 2.5 0 0.5 1.0 0.0 0.0 1.0 0.0 0.0 1.0 1.0 1.0 0.9 0.9 0.9 1.0 1.0 1.0 32 1.3
sphere 0.5 2.5 0 0.5 0.0 1.0 0.0 0.0 1.0 0.0 1.0 1.0 1.0 0.9 0.9 0.9 1.0 1.0 1.0 32 1.3
# level 5 sphere
#sphere 1 5 0.5 0.5 1.0 0.0 0.0 1.0 0.0 0.0 1.0 1.0 1.0 0.9 0.9 0.9 1.0 1.0 1.0 32 1.3
# pyramid up
# base spheres
sphere 3.5 10.5 -2 0.5 1.0 0.0 0.0 1.0 0.0 0.0 1.0 1.0 1.0 0.9 0.9 0.9 1.0 1.0 1.0 32 1.3
sphere 2.5 10.5 -2 0.5 0.0 1.0 0.0 0.0 1.0 0.0 1.0 1.0 1.0 0.9 0.9 0.9 1.0 1.0 1.0 32 1.3
sphere 1.5 10.5 -2 0.5 0.0 0.0 1.0 0.0 0.0 1.0 1.0 1.0 1.0 0.9 0.9 0.9 1.0 1.0 1.0 32 1.3
sphere 0.5 10.5 -2 0.5 1.0 0.0 0.0 1.0 0.0 0.0 1.0 1.0 1.0 0.9 0.9 0.9 1.0 1.0 1.0 32 1.3
sphere -0.5 10.5 -2 0.5 0.0 1.0 0.0 0.0 1.0 0.0 1.0 1.0 1.0 0.9 0.9 0.9 1.0 1.0 1.0 32 1.3
sphere -1.5 10.5 -2 0.5 0.0 0.0 1.0 0.0 0.0 1.0 1.0 1.0 1.0 0.9 0.9 0.9 1.0 1.0 1.0 32 1.3
sphere 3.5 10.5 -1 0.5 1.0 0.0 0.0 1.0 0.0 0.0 1.0 1.0 1.0 0.9 0.9 0.9 1.0 1.0 1.0 32 1.3
sphere 2.5 10.5 -1 0.5 0.0 1.0 0.0 0.0 1.0 0.0 1.0 1.0 1.0 0.9 0.9 0.9 1.0 1.0 1.0 32 1.3
sphere 1.5 10.5 -1 0.5 0.0 0.0 1.0 0.0 0.0 1.0 1.0 1.0 1.0 0.9 0.9 0.9 1.0 1.0 1.0 32 1.3
sphere 0.5 10.5 -1 0.5 1.0 0.0 0.0 1.0 0.0 0.0 1.0 1.0 1.0 0.9 0.9 0.9 1.0 1.0 1.0 32 1.3
sphere -0.5 10.5 -1 0.5 0.0 1.0 0.0 0.0 1.0 0.0 1.0 1.0 1.0 0.9 0.9 0.9 1.0 1.0 1.0 32 1.3
sphere -1.5 10.5 -1 0.5 0.0 0.0 1.0 0.0 0.0 1.0 1.0 1.0 1.0 0.9 0.9 0.9 1.0 1.0 1.0 32 1.3
sphere 3.5 10.5 0 0.5 1.0 0.0 0.0 1.0 0.0 0.0 1.0 1.0 1.0 0.9 0.9 0.9 1.0 1.0 1.0 32 1.3
sphere 2.5 10.5 0 0.5 0.0 1.0 0.0 0.0 1.0 0.0 1.0 1.0 1.0 0.9 0.9 0.9 1.0 1.0 1.0 32 1.3
sphere 1.5 10.5 0 0.5 0.0 0.0 1.0 0.0 0.0 1.0 1.0 1.0 1.0 0.9 0.9 0.9 1.0 1.0 1.0 32 1.3
sphere 0.5 10.5 0 0.5 1.0 0.0 0.0 1.0 0.0 0.0 1.0 1.0 1.0 0.9 0.9 0.9 1.0 1.0 1.0 32 1.3
sphere -0.5 10.5 0 0.5 0.0 1.0 0.0 0.0 1.0 0.0 1.0 1.0 1.0 0.9 0.9 0.9 1.0 1.0 1.0 32 1.3
sphere -1.5 10.5 0 0.5 0.0 0.0 1.0 0.0 0.0 1.0 1.0 1.0 1.0 0.9 0.9 0.9 1.0 1.0 1.0 32 1.3
sphere 3.5 10.5 1 0.5 1.0 0.0 0.0 1.0 0.0 0.0 1.0 1.0 1.0 0.9 0.9 0.9 1.0 1.0 1.0 32 1.3
sphere 2.5 10.5 1 0.5 0.0 1.0 0.0 0.0 1.0 0.0 1.0 1.0 1.0 0.9 0.9 0.9 1.0 1.0 1.0 32 1.3
sphere 1.5 10.5 1 0.5 0.0 0.0 1.0 0.0 0.0 1.0 1.0 1.0 1.0 0.9 0.9 0.9 1.0 1.0 1.0 32 1.3
sphere 0.5 10.5 1 0.5 1.0 0.0 0.0 1.0 0.0 0.0 1.0 1.0 1.0 0.9 0.9 0.9 1.0 1.0 1.0 32 1.3
sphere -0.5 10.5 1 0.5 0.0 1.0 0.0 0.0 1.0 0.0 1.0 1.0 1.0 0.9 0.9 0.9 1.0 1.0 1.0 32 1.3
sphere -1.5 10.5 1 0.5 0.0 0.0 1.0 0.0 0.0 1.0 1.0 1.0 1.0 0.9 0.9 0.9 1.0 1.0 1.0 32 1.3
sphere 3.5 10.5 2 0.5 1.0 0.0 0.0 1.0 0.0 0.0 1.0 1.0 1.0 0.9 0.9 0.9 1.0 1.0 1.0 32 1.3
sphere 2.5 10.5 2 0.5 0.0 1.0 0.0 0.0 1.0 0.0 1.0 1.0 1.0 0.9 0.9 0.9 1.0 1.0 1.0 32 1.3
sphere 1.5 10.5 2 0.5 0.0 0.0 1.0 0.0 0.0 1.0 1.0 1.0 1.0 0.9 0.9 0.9 1.0 1.0 1.0 32 1.3
sphere 0.5 10.5 2 0.5 1.0 0.0 0.0 1.0 0.0 0.0 1.0 1.0 1.0 0.9 0.9 0.9 1.0 1.0 1.0 32 1.3
sphere -0.5 10.5 2 0.5 0.0 1.0 0.0 0.0 1.0 0.0 1.0 1.0 1.0 0.9 0.9 0.9 1.0 1.0 1.0 32 1.3
sphere -1.5 10.5 2 0.5 0.0 0.0 1.0 0.0 0.0 1.0 1.0 1.0 1.0 0.9 0.9 0.9 1.0 1.0 1.0 32 1.3
sphere 3.5 10.5 3 0.5 1.0 0.0 0.0 1.0 0.0 0.0 1.0 1.0 1.0 0.9 0.9 0.9 1.0 1.0 1.0 32 1.3
sphere 2.5 10.5 3 0.5 0.0 1.0 0.0 0.0 1.0 0.0 1.0 1.0 1.0 0.9 0.9 0.9 1.0 1.0 1.0 32 1.3
sphere 1.5 10.5 3 0.5 0.0 0.0 1.0 0.0 0.0 1.0 1.0 1.0 1.0 0.9 0.9 0.9 1.0 1.0 1.0 32 1.3
sphere 0.5 10.5 3 0.5 1.0 0.0 0.0 1.0 0.0 0.0 1.0 1.0 1.0 0.9 0.9 0.9 1.0 1.0 1.0 32 1.3
sphere -0.5 10.5 3 0.5 0.0 1.0 0.0 0.0 1.0 0.0 1.0 1.0 1.0 0.9 0.9 0.9 1.0 1.0 1.0 32 1.3
sphere -1.5 10.5 3 0.5 0.0 0.0 1.0 0.0 0.0 1.0 1.0 1.0 1.0 0.9 0.9 0.9 1.0 1.0 1.0 32 1.3
# level 1 spheres
sphere 3 9.5 -1.5 0.5 1.0 0.0 0.0 1.0 0.0 0.0 1.0 1.0 1.0 0.9 0.9 0.9 1.0 1.0 1.0 32 1.3
sphere 2 9.5 -1.5 0.5 0.0 1.0 0.0 0.0 1.0 0.0 1.0 1.0 1.0 0.9 0.9 0.9 1.0 1.0 1.0 32 1.3
sphere 1 9.5 -1.5 0.5 0.0 0.0 1.0 0.0 0.0 1.0 1.0 1.0 1.0 0.9 0.9 0.9 1.0 1.0 1.0 32 1.3
sphere 0 9.5 -1.5 0.5 1.0 0.0 0.0 1.0 0.0 0.0 1.0 1.0 1.0 0.9 0.9 0.9 1.0 1.0 1.0 32 1.3
sphere -1 9.5 -1.5 0.5 0.0 1.0 0.0 0.0 1.0 0.0 1.0 1.0 1.0 0.9 0.9 0.9 1.0 1.0 1.0 32 1.3
sphere 3 9.5 -0.5 0.5 1.0 0.0 0.0 1.0 0.0 0.0 1.0 1.0 1.0 0.9 0.9 0.9 1.0 1.0 1.0 32 1.3
sphere 2 9.5 -0.5 0.5 0.0 1.0 0.0 0.0 1.0 0.0 1.0 1.0 1.0 0.9 0.9 0.9 1.0 1.0 1.0 32 1.3
sphere 1 9.5 -0.5 0.5 0.0 0.0 1.0 0.0 0.0 1.0 1.0 1.0 1.0 0.9 0.9 0.9 1.0 1.0 1.0 32 1.3
sphere 0 9.5 -0.5 0.5 1.0 0.0 0.0 1.0 0.0 0.0 1.0 1.0 1.0 0.9 0.9 0.9 1.0 1.0 1.0 32 1.3
sphere -1 9.5 -0.5 0.5 0.0 1.0 0.0 0.0 1.0 0.0 1.0 1.0 1.0 0.9 0.9 0.9 1.0 1.0 1.0 32 1.3
sphere 3 9.5 0.5 0.5 1.0 0.0 0.0 1.0 0.0 0.0 1.0 1.0 1.0 0.9 0.9 0.9 1.0 1.0 1.0 32 1.3
sphere 2 9.5 0.5 0.5 0.0 1.0 0.0 0.0 1.0 0.0 1.0 1.0 1.0 0.9 0.9 0.9 1.0 1.0 1.0 32 1.3
sphere 1 9.5 0.5 0.5 0.0 0.0 1.0 0.0 0.0 1.0 1.0 1.0 1.0 0.9 0.9 0.9 1.0 1.0 1.0 32 1.3
sphere 0 9.5 0.5 0.5 1.0 0.0 0.0 1.0 0.0 0.0 1.0 1.0 1.0 0.9 0.9 0.9 1.0 1.0 1.0 32 1.3
sphere -1 9.5 0.5 0.5 0.0 1.0 0.0 0.0 1.0 0.0 1.0 1.0 1.0 0.9 0.9 0.9 1.0 1.0 1.0 32 1.3
sphere 3 9.5 1.5 0.5 1.0 0.0 0.0 1.0 0.0 0.0 1.0 1.0 1.0 0.9 0.9 0.9 1.0 1.0 1.0 32 1.3
sphere 2 9.5 1.5 0.5 0.0 1.0 0.0 0.0 1.0 0.0 1.0 1.0 1.0 0.9 0.9 0.9 1.0 1.0 1.0 32 1.3
sphere 1 9.5 1.5 0.5 0.0 0.0 1.0 0.0 0.0 1.0 1.0 1.0 1.0 0.9 0.9 0.9 1.0 1.0 1.0 32 1.3
sphere 0 9.5 1.5 0.5 1.0 0.0 0.0 1.0 0.0 0.0 1.0 1.0 1.0 0.9 0.9 0.9 1.0 1.0 1.0 32 1.3
sphere -1 9.5 1.5 0.5 0.0 1.0 0.0 0.0 1.0 0.0 1.0 1.0 1.0 0.9 0.9 0.9 1.0 1.0 1.0 32 1.3
sphere 3 9.5 2.5 0.5 1.0 0.0 0.0 1.0 0.0 0.0 1.0 1.0 1.0 0.9 0.9 0.9 1.0 1.0 1.0 32 1.3
sphere 2 9.5 2.5 0.5 0.0 1.0 0.0 0.0 1.0 0.0 1.0 1.0 1.0 0.9 0.9 0.9 1.0 1.0 1.0 32 1.3
sphere 1 9.5 2.5 0.5 0.0 0.0 1.0 0.0 0.0 1.0 1.0 1.0 1.0 0.9 0.9 0.9 1.0 1.0 1.0 32 1.3
sphere 0 9.5 2.5 0.5 1.0 0.0 0.0 1.0 0.0 0.0 1.0 1.0 1.0 0.9 0.9 0.9 1.0 1.0 1.0 32 1.3
sphere -1 9.5 2.5 0.5 0.0 1.0 0.0 0.0 1.0 0.0 1.0 1.0 1.0 0.9 0.9 0.9 1.0 1.0 1.0 32 1.3
# level 2 spheres
sphere 2.5 8.5 2 0.5 1.0 0.0 0.0 1.0 0.0 0.0 1.0 1.0 1.0 0.9 0.9 0.9 1.0 1.0 1.0 32 1.3
sphere 1.5 8.5 2 0.5 0.0 1.0 0.0 0.0 1.0 0.0 1.0 1.0 1.0 0.9 0.9 0.9 1.0 1.0 1.0 32 1.3
sphere 0.5 8.5 2 0.5 0.0 0.0 1.0 0.0 0.0 1.0 1.0 1.0 1.0 0.9 0.9 0.9 1.0 1.0 1.0 32 1.3
sphere -0.5 8.5 2 0.5 1.0 0.0 0.0 1.0 0.0 0.0 1.0 1.0 1.0 0.9 0.9 0.9 1.0 1.0 1.0 32 1.3
sphere 2.5 8.5 1 0.5 1.0 0.0 0.0 1.0 0.0 0.0 1.0 1.0 1.0 0.9 0.9 0.9 1.0 1.0 1.0 32 1.3
sphere 1.5 8.5 1 0.5 0.0 1.0 0.0 0.0 1.0 0.0 1.0 1.0 1.0 0.9 0.9 0.9 1.0 1.0 1.0 32 1.3
sphere 0.5 8.5 1 0.5 0.0 0.0 1.0 0.0 0.0 1.0 1.0 1.0 1.0 0.9 0.9 0.9 1.0 1.0 1.0 32 1.3
sphere -0.5 8.5 1 0.5 1.0 0.0 0.0 1.0 0.0 0.0 1.0 1.0 1.0 0.9 0.9 0.9 1.0 1.0 1.0 32 1.3
sphere 2.5 8.5 0 0.5 1.0 0.0 0.0 1.0 0.0 0.0 1.0 1.0 1.0 0.9 0.9 0.9 1.0 1.0 1.0 32 1.3
sphere 1.5 8.5 0 0.5 0.0 1.0 0.0 0.0 1.0 0.0 1.0 1.0 1.0 0.9 0.9 0.9 1.0 1.0 1.0 32 1.3
sphere 0.5 8.5 0 0.5 0.0 0.0 1.0 0.0 0.0 1.0 1.0 1.0 1.0 0.9 0.9 0.9 1.0 1.0 1.0 32 1.3
sphere -0.5 8.5 0 0.5 1.0 0.0 0.0 1.0 0.0 0.0 1.0 1.0 1.0 0.9 0.9 0.9 1.0 1.0 1.0 32 1.3
sphere 2.5 8.5 -1 0.5 1.0 0.0 0.0 1.0 0.0 0.0 1.0 1.0 1.0 0.9 0.9 0.9 1.0 1.0 1.0 32 1.3
sphere 1.5 8.5 -1 0.5 0.0 1.0 0.0 0.0 1.0 0.0 1.0 1.0 1.0 0.9 0.9 0.9 1.0 1.0 1.0 32 1.3
sphere 0.5 8.5 -1 0.5 0.0 0.0 1.0 0.0 0.0 1.0 1.0 1.0 1.0 0.9 0.9 0.9 1.0 1.0 1.0 32 1.3
sphere -0.5 8.5 -1 0.5 1.0 0.0 0.0 1.0 0.0 0.0 1.0 1.0 1.0 0.9 0.9 0.9 1.0 1.0 1.0 32 1.3
# level 3 spheres
sphere 2 7.5 1.5 0.5 1.0 0.0 0.0 1.0 0.0 0.0 1.0 1.0 1.0 0.9 0.9 0.9 1.0 1.0 1.0 32 1.3
sphere 1 7.5 1.5 0.5 0.0 1.0 0.0 0.0 1.0 0.0 1.0 1.0 1.0 0.9 0.9 0.9 1.0 1.0 1.0 32 1.3
sphere 0 7.5 1.5 0.5 0.0 0.0 1.0 0.0 0.0 1.0 1.0 1.0 1.0 0.9 0.9 0.9 1.0 1.0 1.0 32 1.3
sphere 2 7.5 0.5 0.5 1.0 0.0 0.0 1.0 0.0 0.0 1.0 1.0 1.0 0.9 0.9 0.9 1.0 1.0 1.0 32 1.3
sphere 1 7.5 0.5 0.5 0.0 1.0 0.0 0.0 1.0 0.0 1.0 1.0 1.0 0.9 0.9 0.9 1.0 1.0 1.0 32 1.3
sphere 0 7.5 0.5 0.5 0.0 0.0 1.0 0.0 0.0 1.0 1.0 1.0 1.0 0.9 0.9 0.9 1.0 1.0 1.0 32 1.3
sphere 2 7.5 -0.5 0.5 1.0 0.0 0.0 1.0 0.0 0.0 1.0 1.0 1.0 0.9 0.9 0.9 1.0 1.0 1.0 32 1.3
sphere 1 7.5 -0.5 0.5 0.0 1.0 0.0 0.0 1.0 0.0 1.0 1.0 1.0 0.9 0.9 0.9 1.0 1.0 1.0 32 1.3
sphere 0 7.5 -0.5 0.5 0.0 0.0 1.0 0.0 0.0 1.0 1.0 1.0 1.0 0.9 0.9 0.9 1.0 1.0 1.0 32 1.3
# level 4 spheres
sphere 1.5 6.5 1 0.5 1.0 0.0 0.0 1.0 0.0 0.0 1.0 1.0 1.0 0.9 0.9 0.9 1.0 1.0 1.0 32 1.3
sphere 0.5 6.5 1 0.5 0.0 1.0 0.0 0.0 1.0 0.0 1.0 1.0 1.0 0.9 0.9 0.9 1.0 1.0 1.0 32 1.3
sphere 1.5 6.5 0 0.5 1.0 0.0 0.0 1.0 0.0 0.0 1.0 1.0 1.0 0.9 0.9 0.9 1.0 1.0 1.0 32 1.3
sphere 0.5 6.5 0 0.5 0.0 1.0 0.0 0.0 1.0 0.0 1.0 1.0 1.0 0.9 0.9 0.9 1.0 1.0 1.0 32 1.3
# level 5 sphere
#sphere 1 6 0.5 0.5 1.0 0.0 0.0 1.0 0.0 0.0 1.0 1.0 1.0 0.9 0.9 0.9 1.0 1.0 1.0 32 1.3
# pyramid right
# base spheres
sphere -5.5 7.5 -2 0.5 1.0 0.0 0.0 1.0 0.0 0.0 1.0 1.0 1.0 0.9 0.9 0.9 1.0 1.0 1.0 32 1.3
sphere -5.5 6.5 -2 0.5 0.0 1.0 0.0 0.0 1.0 0.0 1.0 1.0 1.0 0.9 0.9 0.9 1.0 1.0 1.0 32 1.3
sphere -5.5 5.5 -2 0.5 0.0 0.0 1.0 0.0 0.0 1.0 1.0 1.0 1.0 0.9 0.9 0.9 1.0 1.0 1.0 32 1.3
sphere -5.5 4.5 -2 0.5 1.0 0.0 0.0 1.0 0.0 0.0 1.0 1.0 1.0 0.9 0.9 0.9 1.0 1.0 1.0 32 1.3
sphere -5.5 3.5 -2 0.5 0.0 1.0 0.0 0.0 1.0 0.0 1.0 1.0 1.0 0.9 0.9 0.9 1.0 1.0 1.0 32 1.3
sphere -5.5 2.5 -2 0.5 0.0 0.0 1.0 0.0 0.0 1.0 1.0 1.0 1.0 0.9 0.9 0.9 1.0 1.0 1.0 32 1.3
sphere -5.5 7.5 -1 0.5 1.0 0.0 0.0 1.0 0.0 0.0 1.0 1.0 1.0 0.9 0.9 0.9 1.0 1.0 1.0 32 1.3
sphere -5.5 6.5 -1 0.5 0.0 1.0 0.0 0.0 1.0 0.0 1.0 1.0 1.0 0.9 0.9 0.9 1.0 1.0 1.0 32 1.3
sphere -5.5 5.5 -1 0.5 0.0 0.0 1.0 0.0 0.0 1.0 1.0 1.0 1.0 0.9 0.9 0.9 1.0 1.0 1.0 32 1.3
sphere -5.5 4.5 -1 0.5 1.0 0.0 0.0 1.0 0.0 0.0 1.0 1.0 1.0 0.9 0.9 0.9 1.0 1.0 1.0 32 1.3
sphere -5.5 3.5 -1 0.5 0.0 1.0 0.0 0.0 1.0 0.0 1.0 1.0 1.0 0.9 0.9 0.9 1.0 1.0 1.0 32 1.3
sphere -5.5 2.5 -1 0.5 0.0 0.0 1.0 0.0 0.0 1.0 1.0 1.0 1.0 0.9 0.9 0.9 1.0 1.0 1.0 32 1.3
sphere -5.5 7.5 0 0.5 1.0 0.0 0.0 1.0 0.0 0.0 1.0 1.0 1.0 0.9 0.9 0.9 1.0 1.0 1.0 32 1.3
sphere -5.5 6.5 0 0.5 0.0 1.0 0.0 0.0 1.0 0.0 1.0 1.0 1.0 0.9 0.9 0.9 1.0 1.0 1.0 32 1.3
sphere -5.5 5.5 0 0.5 0.0 0.0 1.0 0.0 0.0 1.0 1.0 1.0 1.0 0.9 0.9 0.9 1.0 1.0 1.0 32 1.3
sphere -5.5 4.5 0 0.5 1.0 0.0 0.0 1.0 0.0 0.0 1.0 1.0 1.0 0.9 0.9 0.9 1.0 1.0 1.0 32 1.3
sphere -5.5 3.5 0 0.5 0.0 1.0 0.0 0.0 1.0 0.0 1.0 1.0 1.0 0.9 0.9 0.9 1.0 1.0 1.0 32 1.3
sphere -5.5 2.5 0 0.5 0.0 0.0 1.0 0.0 0.0 1.0 1.0 1.0 1.0 0.9 0.9 0.9 1.0 1.0 1.0 32 1.3
sphere -5.5 7.5 1 0.5 1.0 0.0 0.0 1.0 0.0 0.0 1.0 1.0 1.0 0.9 0.9 0.9 1.0 1.0 1.0 32 1.3
sphere -5.5 6.5 1 0.5 0.0 1.0 0.0 0.0 1.0 0.0 1.0 1.0 1.0 0.9 0.9 0.9 1.0 1.0 1.0 32 1.3
sphere -5.5 5.5 1 0.5 0.0 0.0 1.0 0.0 0.0 1.0 1.0 1.0 1.0 0.9 0.9 0.9 1.0 1.0 1.0 32 1.3
sphere -5.5 4.5 1 0.5 1.0 0.0 0.0 1.0 0.0 0.0 1.0 1.0 1.0 0.9 0.9 0.9 1.0 1.0 1.0 32 1.3
sphere -5.5 3.5 1 0.5 0.0 1.0 0.0 0.0 1.0 0.0 1.0 1.0 1.0 0.9 0.9 0.9 1.0 1.0 1.0 32 1.3
sphere -5.5 2.5 1 0.5 0.0 0.0 1.0 0.0 0.0 1.0 1.0 1.0 1.0 0.9 0.9 0.9 1.0 1.0 1.0 32 1.3
sphere -5.5 7.5 2 0.5 1.0 0.0 0.0 1.0 0.0 0.0 1.0 1.0 1.0 0.9 0.9 0.9 1.0 1.0 1.0 32 1.3
sphere -5.5 6.5 2 0.5 0.0 1.0 0.0 0.0 1.0 0.0 1.0 1.0 1.0 0.9 0.9 0.9 1.0 1.0 1.0 32 1.3
sphere -5.5 5.5 2 0.5 0.0 0.0 1.0 0.0 0.0 1.0 1.0 1.0 1.0 0.9 0.9 0.9 1.0 1.0 1.0 32 1.3
sphere -5.5 4.5 2 0.5 1.0 0.0 0.0 1.0 0.0 0.0 1.0 1.0 1.0 0.9 0.9 0.9 1.0 1.0 1.0 32 1.3
sphere -5.5 3.5 2 0.5 0.0 1.0 0.0 0.0 1.0 0.0 1.0 1.0 1.0 0.9 0.9 0.9 1.0 1.0 1.0 32 1.3
sphere -5.5 2.5 2 0.5 0.0 0.0 1.0 0.0 0.0 1.0 1.0 1.0 1.0 0.9 0.9 0.9 1.0 1.0 1.0 32 1.3
sphere -5.5 7.5 3 0.5 1.0 0.0 0.0 1.0 0.0 0.0 1.0 1.0 1.0 0.9 0.9 0.9 1.0 1.0 1.0 32 1.3
sphere -5.5 6.5 3 0.5 0.0 1.0 0.0 0.0 1.0 0.0 1.0 1.0 1.0 0.9 0.9 0.9 1.0 1.0 1.0 32 1.3
sphere -5.5 5.5 3 0.5 0.0 0.0 1.0 0.0 0.0 1.0 1.0 1.0 1.0 0.9 0.9 0.9 1.0 1.0 1.0 32 1.3
sphere -5.5 4.5 3 0.5 1.0 0.0 0.0 1.0 0.0 0.0 1.0 1.0 1.0 0.9 0.9 0.9 1.0 1.0 1.0 32 1.3
sphere -5.5 3.5 3 0.5 0.0 1.0 0.0 0.0 1.0 0.0 1.0 1.0 1.0 0.9 0.9 0.9 1.0 1.0 1.0 32 1.3
sphere -5.5 2.5 3 0.5 0.0 0.0 1.0 0.0 0.0 1.0 1.0 1.0 1.0 0.9 0.9 0.9 1.0 1.0 1.0 32 1.3
# level 1 spheres
sphere -4.5 7 -1.5 0.5 1.0 0.0 0.0 1.0 0.0 0.0 1.0 1.0 1.0 0.9 0.9 0.9 1.0 1.0 1.0 32 1.3
sphere -4.5 6 -1.5 0.5 0.0 1.0 0.0 0.0 1.0 0.0 1.0 1.0 1.0 0.9 0.9 0.9 1.0 1.0 1.0 32 1.3
sphere -4.5 5 -1.5 0.5 0.0 0.0 1.0 0.0 0.0 1.0 1.0 1.0 1.0 0.9 0.9 0.9 1.0 1.0 1.0 32 1.3
sphere -4.5 4 -1.5 0.5 1.0 0.0 0.0 1.0 0.0 0.0 1.0 1.0 1.0 0.9 0.9 0.9 1.0 1.0 1.0 32 1.3
sphere -4.5 3 -1.5 0.5 0.0 1.0 0.0 0.0 1.0 0.0 1.0 1.0 1.0 0.9 0.9 0.9 1.0 1.0 1.0 32 1.3
sphere -4.5 7 -0.5 0.5 1.0 0.0 0.0 1.0 0.0 0.0 1.0 1.0 1.0 0.9 0.9 0.9 1.0 1.0 1.0 32 1.3
sphere -4.5 6 -0.5 0.5 0.0 1.0 0.0 0.0 1.0 0.0 1.0 1.0 1.0 0.9 0.9 0.9 1.0 1.0 1.0 32 1.3
sphere -4.5 5 -0.5 0.5 0.0 0.0 1.0 0.0 0.0 1.0 1.0 1.0 1.0 0.9 0.9 0.9 1.0 1.0 1.0 32 1.3
sphere -4.5 4 -0.5 0.5 1.0 0.0 0.0 1.0 0.0 0.0 1.0 1.0 1.0 0.9 0.9 0.9 1.0 1.0 1.0 32 1.3
sphere -4.5 3 -0.5 0.5 0.0 1.0 0.0 0.0 1.0 0.0 1.0 1.0 1.0 0.9 0.9 0.9 1.0 1.0 1.0 32 1.3
sphere -4.5 7 0.5 0.5 1.0 0.0 0.0 1.0 0.0 0.0 1.0 1.0 1.0 0.9 0.9 0.9 1.0 1.0 1.0 32 1.3
sphere -4.5 6 0.5 0.5 0.0 1.0 0.0 0.0 1.0 0.0 1.0 1.0 1.0 0.9 0.9 0.9 1.0 1.0 1.0 32 1.3
sphere -4.5 5 0.5 0.5 0.0 0.0 1.0 0.0 0.0 1.0 1.0 1.0 1.0 0.9 0.9 0.9 1.0 1.0 1.0 32 1.3
sphere -4.5 4 0.5 0.5 1.0 0.0 0.0 1.0 0.0 0.0 1.0 1.0 1.0 0.9 0.9 0.9 1.0 1.0 1.0 32 1.3
sphere -4.5 3 0.5 0.5 0.0 1.0 0.0 0.0 1.0 0.0 1.0 1.0 1.0 0.9 0.9 0.9 1.0 1.0 1.0 32 1.3
sphere -4.5 7 1.5 0.5 1.0 0.0 0.0 1.0 0.0 0.0 1.0 1.0 1.0 0.9 0.9 0.9 1.0 1.0 1.0 32 1.3
sphere -4.5 6 1.5 0.5 0.0 1.0 0.0 0.0 1.0 0.0 1.0 1.0 1.0 0.9 0.9 0.9 1.0 1.0 1.0 32 1.3
sphere -4.5 5 1.5 0.5 0.0 0.0 1.0 0.0 0.0 1.0 1.0 1.0 1.0 0.9 0.9 0.9 1.0 1.0 1.0 32 1.3
sphere -4.5 4 1.5 0.5 1.0 0.0 0.0 1.0 0.0 0.0 1.0 1.0 1.0 0.9 0.9 0.9 1.0 1.0 1.0 32 1.3
sphere -4.5 3 1.5 0.5 0.0 1.0 0.0 0.0 1.0 0.0 1.0 1.0 1.0 0.9 0.9 0.9 1.0 1.0 1.0 32 1.3
sphere -4.5 7 2.5 0.5 1.0 0.0 0.0 1.0 0.0 0.0 1.0 1.0 1.0 0.9 0.9 0.9 1.0 1.0 1.0 32 1.3
sphere -4.5 6 2.5 0.5 0.0 1.0 0.0 0.0 1.0 0.0 1.0 1.0 1.0 0.9 0.9 0.9 1.0 1.0 1.0 32 1.3
sphere -4.5 5 2.5 0.5 0.0 0.0 1.0 0.0 0.0 1.0 1.0 1.0 1.0 0.9 0.9 0.9 1.0 1.0 1.0 32 1.3
sphere -4.5 4 2.5 0.5 1.0 0.0 0.0 1.0 0.0 0.0 1.0 1.0 1.0 0.9 0.9 0.9 1.0 1.0 1.0 32 1.3
sphere -4.5 3 2.5 0.5 0.0 1.0 0.0 0.0 1.0 0.0 1.0 1.0 1.0 0.9 0.9 0.9 1.0 1.0 1.0 32 1.3
# level 2 spheres
sphere -3.5 6.5 2 0.5 1.0 0.0 0.0 1.0 0.0 0.0 1.0 1.0 1.0 0.9 0.9 0.9 1.0 1.0 1.0 32 1.3
sphere -3.5 5.5 2 0.5 0.0 1.0 0.0 0.0 1.0 0.0 1.0 1.0 1.0 0.9 0.9 0.9 1.0 1.0 1.0 32 1.3
sphere -3.5 4.5 2 0.5 0.0 0.0 1.0 0.0 0.0 1.0 1.0 1.0 1.0 0.9 0.9 0.9 1.0 1.0 1.0 32 1.3
sphere -3.5 3.5 2 0.5 1.0 0.0 0.0 1.0 0.0 0.0 1.0 1.0 1.0 0.9 0.9 0.9 1.0 1.0 1.0 32 1.3
sphere -3.5 6.5 1 0.5 1.0 0.0 0.0 1.0 0.0 0.0 1.0 1.0 1.0 0.9 0.9 0.9 1.0 1.0 1.0 32 1.3
sphere -3.5 5.5 1 0.5 0.0 1.0 0.0 0.0 1.0 0.0 1.0 1.0 1.0 0.9 0.9 0.9 1.0 1.0 1.0 32 1.3
sphere -3.5 4.5 1 0.5 0.0 0.0 1.0 0.0 0.0 1.0 1.0 1.0 1.0 0.9 0.9 0.9 1.0 1.0 1.0 32 1.3
sphere -3.5 3.5 1 0.5 1.0 0.0 0.0 1.0 0.0 0.0 1.0 1.0 1.0 0.9 0.9 0.9 1.0 1.0 1.0 32 1.3
sphere -3.5 6.5 0 0.5 1.0 0.0 0.0 1.0 0.0 0.0 1.0 1.0 1.0 0.9 0.9 0.9 1.0 1.0 1.0 32 1.3
sphere -3.5 5.5 0 0.5 0.0 1.0 0.0 0.0 1.0 0.0 1.0 1.0 1.0 0.9 0.9 0.9 1.0 1.0 1.0 32 1.3
sphere -3.5 4.5 0 0.5 0.0 0.0 1.0 0.0 0.0 1.0 1.0 1.0 1.0 0.9 0.9 0.9 1.0 1.0 1.0 32 1.3
sphere -3.5 3.5 0 0.5 1.0 0.0 0.0 1.0 0.0 0.0 1.0 1.0 1.0 0.9 0.9 0.9 1.0 1.0 1.0 32 1.3
sphere -3.5 6.5 -1 0.5 1.0 0.0 0.0 1.0 0.0 0.0 1.0 1.0 1.0 0.9 0.9 0.9 1.0 1.0 1.0 32 1.3
sphere -3.5 5.5 -1 0.5 0.0 1.0 0.0 0.0 1.0 0.0 1.0 1.0 1.0 0.9 0.9 0.9 1.0 1.0 1.0 32 1.3
sphere -3.5 4.5 -1 0.5 0.0 0.0 1.0 0.0 0.0 1.0 1.0 1.0 1.0 0.9 0.9 0.9 1.0 1.0 1.0 32 1.3
sphere -3.5 3.5 -1 0.5 1.0 0.0 0.0 1.0 0.0 0.0 1.0 1.0 1.0 0.9 0.9 0.9 1.0 1.0 1.0 32 1.3
# level 3 spheres
sphere -2.5 6 1.5 0.5 1.0 0.0 0.0 1.0 0.0 0.0 1.0 1.0 1.0 0.9 0.9 0.9 1.0 1.0 1.0 32 1.3
sphere -2.5 5 1.5 0.5 0.0 1.0 0.0 0.0 1.0 0.0 1.0 1.0 1.0 0.9 0.9 0.9 1.0 1.0 1.0 32 1.3
sphere -2.5 4 1.5 0.5 0.0 0.0 1.0 0.0 0.0 1.0 1.0 1.0 1.0 0.9 0.9 0.9 1.0 1.0 1.0 32 1.3
sphere -2.5 6 0.5 0.5 1.0 0.0 0.0 1.0 0.0 0.0 1.0 1.0 1.0 0.9 0.9 0.9 1.0 1.0 1.0 32 1.3
sphere -2.5 5 0.5 0.5 0.0 1.0 0.0 0.0 1.0 0.0 1.0 1.0 1.0 0.9 0.9 0.9 1.0 1.0 1.0 32 1.3
sphere -2.5 4 0.5 0.5 0.0 0.0 1.0 0.0 0.0 1.0 1.0 1.0 1.0 0.9 0.9 0.9 1.0 1.0 1.0 32 1.3
sphere -2.5 6 -0.5 0.5 1.0 0.0 0.0 1.0 0.0 0.0 1.0 1.0 1.0 0.9 0.9 0.9 1.0 1.0 1.0 32 1.3
sphere -2.5 5 -0.5 0.5 0.0 1.0 0.0 0.0 1.0 0.0 1.0 1.0 1.0 0.9 0.9 0.9 1.0 1.0 1.0 32 1.3
sphere -2.5 4 -0.5 0.5 0.0 0.0 1.0 0.0 0.0 1.0 1.0 1.0 1.0 0.9 0.9 0.9 1.0 1.0 1.0 32 1.3
# level 4 spheres
sphere -1.5 5.5 1 0.5 1.0 0.0 0.0 1.0 0.0 0.0 1.0 1.0 1.0 0.9 0.9 0.9 1.0 1.0 1.0 32 1.3
sphere -1.5 4.5 1 0.5 0.0 1.0 0.0 0.0 1.0 0.0 1.0 1.0 1.0 0.9 0.9 0.9 1.0 1.0 1.0 32 1.3
sphere -1.5 5.5 0 0.5 1.0 0.0 0.0 1.0 0.0 0.0 1.0 1.0 1.0 0.9 0.9 0.9 1.0 1.0 1.0 32 1.3
sphere -1.5 4.5 0 0.5 0.0 1.0 0.0 0.0 1.0 0.0 1.0 1.0 1.0 0.9 0.9 0.9 1.0 1.0 1.0 32 1.3
# level 5 sphere
#sphere -1 5 0.5 0.5 1.0 0.0 0.0 1.0 0.0 0.0 1.0 1.0 1.0 0.9 0.9 0.9 1.0 1.0 1.0 32 1.3
# pyramid left
# base spheres
sphere 7.5 7.5 -2 0.5 1.0 0.0 0.0 1.0 0.0 0.0 1.0 1.0 1.0 0.9 0.9 0.9 1.0 1.0 1.0 32 1.3
sphere 7.5 6.5 -2 0.5 0.0 1.0 0.0 0.0 1.0 0.0 1.0 1.0 1.0 0.9 0.9 0.9 1.0 1.0 1.0 32 1.3
sphere 7.5 5.5 -2 0.5 0.0 0.0 1.0 0.0 0.0 1.0 1.0 1.0 1.0 0.9 0.9 0.9 1.0 1.0 1.0 32 1.3
sphere 7.5 4.5 -2 0.5 1.0 0.0 0.0 1.0 0.0 0.0 1.0 1.0 1.0 0.9 0.9 0.9 1.0 1.0 1.0 32 1.3
sphere 7.5 3.5 -2 0.5 0.0 1.0 0.0 0.0 1.0 0.0 1.0 1.0 1.0 0.9 0.9 0.9 1.0 1.0 1.0 32 1.3
sphere 7.5 2.5 -2 0.5 0.0 0.0 1.0 0.0 0.0 1.0 1.0 1.0 1.0 0.9 0.9 0.9 1.0 1.0 1.0 32 1.3
sphere 7.5 7.5 -1 0.5 1.0 0.0 0.0 1.0 0.0 0.0 1.0 1.0 1.0 0.9 0.9 0.9 1.0 1.0 1.0 32 1.3
sphere 7.5 6.5 -1 0.5 0.0 1.0 0.0 0.0 1.0 0.0 1.0 1.0 1.0 0.9 0.9 0.9 1.0 1.0 1.0 32 1.3
sphere 7.5 5.5 -1 0.5 0.0 0.0 1.0 0.0 0.0 1.0 1.0 1.0 1.0 0.9 0.9 0.9 1.0 1.0 1.0 32 1.3
sphere 7.5 4.5 -1 0.5 1.0 0.0 0.0 1.0 0.0 0.0 1.0 1.0 1.0 0.9 0.9 0.9 1.0 1.0 1.0 32 1.3
sphere 7.5 3.5 -1 0.5 0.0 1.0 0.0 0.0 1.0 0.0 1.0 1.0 1.0 0.9 0.9 0.9 1.0 1.0 1.0 32 1.3
sphere 7.5 2.5 -1 0.5 0.0 0.0 1.0 0.0 0.0 1.0 1.0 1.0 1.0 0.9 0.9 0.9 1.0 1.0 1.0 32 1.3
sphere 7.5 7.5 0 0.5 1.0 0.0 0.0 1.0 0.0 0.0 1.0 1.0 1.0 0.9 0.9 0.9 1.0 1.0 1.0 32 1.3
sphere 7.5 6.5 0 0.5 0.0 1.0 0.0 0.0 1.0 0.0 1.0 1.0 1.0 0.9 0.9 0.9 1.0 1.0 1.0 32 1.3
sphere 7.5 5.5 0 0.5 0.0 0.0 1.0 0.0 0.0 1.0 1.0 1.0 1.0 0.9 0.9 0.9 1.0 1.0 1.0 32 1.3
sphere 7.5 4.5 0 0.5 1.0 0.0 0.0 1.0 0.0 0.0 1.0 1.0 1.0 0.9 0.9 0.9 1.0 1.0 1.0 32 1.3
sphere 7.5 3.5 0 0.5 0.0 1.0 0.0 0.0 1.0 0.0 1.0 1.0 1.0 0.9 0.9 0.9 1.0 1.0 1.0 32 1.3
sphere 7.5 2.5 0 0.5 0.0 0.0 1.0 0.0 0.0 1.0 1.0 1.0 1.0 0.9 0.9 0.9 1.0 1.0 1.0 32 1.3
sphere 7.5 7.5 1 0.5 1.0 0.0 0.0 1.0 0.0 0.0 1.0 1.0 1.0 0.9 0.9 0.9 1.0 1.0 1.0 32 1.3
sphere 7.5 6.5 1 0.5 0.0 1.0 0.0 0.0 1.0 0.0 1.0 1.0 1.0 0.9 0.9 0.9 1.0 1.0 1.0 32 1.3
sphere 7.5 5.5 1 0.5 0.0 0.0 1.0 0.0 0.0 1.0 1.0 1.0 1.0 0.9 0.9 0.9 1.0 1.0 1.0 32 1.3
sphere 7.5 4.5 1 0.5 1.0 0.0 0.0 1.0 0.0 0.0 1.0 1.0 1.0 0.9 0.9 0.9 1.0 1.0 1.0 32 1.3
sphere 7.5 3.5 1 0.5 0.0 1.0 0.0 0.0 1.0 0.0 1.0 1.0 1.0 0.9 0.9 0.9 1.0 1.0 1.0 32 1.3
sphere 7.5 2.5 1 0.5 0.0 0.0 1.0 0.0 0.0 1.0 1.0 1.0 1.0 0.9 0.9 0.9 1.0 1.0 1.0 32 1.3
sphere 7.5 7.5 2 0.5 1.0 0.0 0.0 1.0 0.0 0.0 1.0 1.0 1.0 0.9 0.9 0.9 1.0 1.0 1.0 32 1.3
sphere 7.5 6.5 2 0.5 0.0 1.0 0.0 0.0 1.0 0.0 1.0 1.0 1.0 0.9 0.9 0.9 1.0 1.0 1.0 32 1.3
sphere 7.5 5.5 2 0.5 0.0 0.0 1.0 0.0 0.0 1.0 1.0 1.0 1.0 0.9 0.9 0.9 1.0 1.0 1.0 32 1.3
sphere 7.5 4.5 2 0.5 1.0 0.0 0.0 1.0 0.0 0.0 1.0 1.0 1.0 0.9 0.9 0.9 1.0 1.0 1.0 32 1.3
sphere 7.5 3.5 2 0.5 0.0 1.0 0.0 0.0 1.0 0.0 1.0 1.0 1.0 0.9 0.9 0.9 1.0 1.0 1.0 32 1.3
sphere 7.5 2.5 2 0.5 0.0 0.0 1.0 0.0 0.0 1.0 1.0 1.0 1.0 0.9 0.9 0.9 1.0 1.0 1.0 32 1.3
sphere 7.5 7.5 3 0.5 1.0 0.0 0.0 1.0 0.0 0.0 1.0 1.0 1.0 0.9 0.9 0.9 1.0 1.0 1.0 32 1.3
sphere 7.5 6.5 3 0.5 0.0 1.0 0.0 0.0 1.0 0.0 1.0 1.0 1.0 0.9 0.9 0.9 1.0 1.0 1.0 32 1.3
sphere 7.5 5.5 3 0.5 0.0 0.0 1.0 0.0 0.0 1.0 1.0 1.0 1.0 0.9 0.9 0.9 1.0 1.0 1.0 32 1.3
sphere 7.5 4.5 3 0.5 1.0 0.0 0.0 1.0 0.0 0.0 1.0 1.0 1.0 0.9 0.9 0.9 1.0 1.0 1.0 32 1.3
sphere 7.5 3.5 3 0.5 0.0 1.0 0.0 0.0 1.0 0.0 1.0 1.0 1.0 0.9 0.9 0.9 1.0 1.0 1.0 32 1.3
sphere 7.5 2.5 3 0.5 0.0 0.0 1.0 0.0 0.0 1.0 1.0 1.0 1.0 0.9 0.9 0.9 1.0 1.0 1.0 32 1.3
# level 1 spheres
sphere 6.5 7 -1.5 0.5 1.0 0.0 0.0 1.0 0.0 0.0 1.0 1.0 1.0 0.9 0.9 0.9 1.0 1.0 1.0 32 1.3
sphere 6.5 6 -1.5 0.5 0.0 1.0 0.0 0.0 1.0 0.0 1.0 1.0 1.0 0.9 0.9 0.9 1.0 1.0 1.0 32 1.3
sphere 6.5 5 -1.5 0.5 0.0 0.0 1.0 0.0 0.0 1.0 1.0 1.0 1.0 0.9 0.9 0.9 1.0 1.0 1.0 32 1.3
sphere 6.5 4 -1.5 0.5 1.0 0.0 0.0 1.0 0.0 0.0 1.0 1.0 1.0 0.9 0.9 0.9 1.0 1.0 1.0 32 1.3
sphere 6.5 3 -1.5 0.5 0.0 1.0 0.0 0.0 1.0 0.0 1.0 1.0 1.0 0.9 0.9 0.9 1.0 1.0 1.0 32 1.3
sphere 6.5 7 -0.5 0.5 1.0 0.0 0.0 1.0 0.0 0.0 1.0 1.0 1.0 0.9 0.9 0.9 1.0 1.0 1.0 32 1.3
sphere 6.5 6 -0.5 0.5 0.0 1.0 0.0 0.0 1.0 0.0 1.0 1.0 1.0 0.9 0.9 0.9 1.0 1.0 1.0 32 1.3
sphere 6.5 5 -0.5 0.5 0.0 0.0 1.0 0.0 0.0 1.0 1.0 1.0 1.0 0.9 0.9 0.9 1.0 1.0 1.0 32 1.3
sphere 6.5 4 -0.5 0.5 1.0 0.0 0.0 1.0 0.0 0.0 1.0 1.0 1.0 0.9 0.9 0.9 1.0 1.0 1.0 32 1.3
sphere 6.5 3 -0.5 0.5 0.0 1.0 0.0 0.0 1.0 0.0 1.0 1.0 1.0 0.9 0.9 0.9 1.0 1.0 1.0 32 1.3
sphere 6.5 7 0.5 0.5 1.0 0.0 0.0 1.0 0.0 0.0 1.0 1.0 1.0 0.9 0.9 0.9 1.0 1.0 1.0 32 1.3
sphere 6.5 6 0.5 0.5 0.0 1.0 0.0 0.0 1.0 0.0 1.0 1.0 1.0 0.9 0.9 0.9 1.0 1.0 1.0 32 1.3
sphere 6.5 5 0.5 0.5 0.0 0.0 1.0 0.0 0.0 1.0 1.0 1.0 1.0 0.9 0.9 0.9 1.0 1.0 1.0 32 1.3
sphere 6.5 4 0.5 0.5 1.0 0.0 0.0 1.0 0.0 0.0 1.0 1.0 1.0 0.9 0.9 0.9 1.0 1.0 1.0 32 1.3
sphere 6.5 3 0.5 0.5 0.0 1.0 0.0 0.0 1.0 0.0 1.0 1.0 1.0 0.9 0.9 0.9 1.0 1.0 1.0 32 1.3
sphere 6.5 7 1.5 0.5 1.0 0.0 0.0 1.0 0.0 0.0 1.0 1.0 1.0 0.9 0.9 0.9 1.0 1.0 1.0 32 1.3
sphere 6.5 6 1.5 0.5 0.0 1.0 0.0 0.0 1.0 0.0 1.0 1.0 1.0 0.9 0.9 0.9 1.0 1.0 1.0 32 1.3
sphere 6.5 5 1.5 0.5 0.0 0.0 1.0 0.0 0.0 1.0 1.0 1.0 1.0 0.9 0.9 0.9 1.0 1.0 1.0 32 1.3
sphere 6.5 4 1.5 0.5 1.0 0.0 0.0 1.0 0.0 0.0 1.0 1.0 1.0 0.9 0.9 0.9 1.0 1.0 1.0 32 1.3
sphere 6.5 3 1.5 0.5 0.0 1.0 0.0 0.0 1.0 0.0 1.0 1.0 1.0 0.9 0.9 0.9 1.0 1.0 1.0 32 1.3
sphere 6.5 7 2.5 0.5 1.0 0.0 0.0 1.0 0.0 0.0 1.0 1.0 1.0 0.9 0.9 0.9 1.0 1.0 1.0 32 1.3
sphere 6.5 6 2.5 0.5 0.0 1.0 0.0 0.0 1.0 0.0 1.0 1.0 1.0 0.9 0.9 0.9 1.0 1.0 1.0 32 1.3
sphere 6.5 5 2.5 0.5 0.0 0.0 1.0 0.0 0.0 1.0 1.0 1.0 1.0 0.9 0.9 0.9 1.0 1.0 1.0 32 1.3
sphere 6.5 4 2.5 0.5 1.0 0.0 0.0 1.0 0.0 0.0 1.0 1.0 1.0 0.9 0.9 0.9 1.0 1.0 1.0 32 1.3
sphere 6.5 3 2.5 0.5 0.0 1.0 0.0 0.0 1.0 0.0 1.0 1.0 1.0 0.9 0.9 0.9 1.0 1.0 1.0 32 1.3
# level 2 spheres
sphere 5.5 6.5 2 0.5 1.0 0.0 0.0 1.0 0.0 0.0 1.0 1.0 1.0 0.9 0.9 0.9 1.0 1.0 1.0 32 1.3
sphere 5.5 5.5 2 0.5 0.0 1.0 0.0 0.0 1.0 0.0 1.0 1.0 1.0 0.9 0.9 0.9 1.0 1.0 1.0 32 1.3
sphere 5.5 4.5 2 0.5 0.0 0.0 1.0 0.0 0.0 1.0 1.0 1.0 1.0 0.9 0.9 0.9 1.0 1.0 1.0 32 1.3
sphere 5.5 3.5 2 0.5 1.0 0.0 0.0 1.0 0.0 0.0 1.0 1.0 1.0 0.9 0.9 0.9 1.0 1.0 1.0 32 1.3
sphere 5.5 6.5 1 0.5 1.0 0.0 0.0 1.0 0.0 0.0 1.0 1.0 1.0 0.9 0.9 0.9 1.0 1.0 1.0 32 1.3
sphere 5.5 5.5 1 0.5 0.0 1.0 0.0 0.0 1.0 0.0 1.0 1.0 1.0 0.9 0.9 0.9 1.0 1.0 1.0 32 1.3
sphere 5.5 4.5 1 0.5 0.0 0.0 1.0 0.0 0.0 1.0 1.0 1.0 1.0 0.9 0.9 0.9 1.0 1.0 1.0 32 1.3
sphere 5.5 3.5 1 0.5 1.0 0.0 0.0 1.0 0.0 0.0 1.0 1.0 1.0 0.9 0.9 0.9 1.0 1.0 1.0 32 1.3
sphere 5.5 6.5 0 0.5 1.0 0.0 0.0 1.0 0.0 0.0 1.0 1.0 1.0 0.9 0.9 0.9 1.0 1.0 1.0 32 1.3
sphere 5.5 5.5 0 0.5 0.0 1.0 0.0 0.0 1.0 0.0 1.0 1.0 1.0 0.9 0.9 0.9 1.0 1.0 1.0 32 1.3
sphere 5.5 4.5 0 0.5 0.0 0.0 1.0 0.0 0.0 1.0 1.0 1.0 1.0 0.9 0.9 0.9 1.0 1.0 1.0 32 1.3
sphere 5.5 3.5 0 0.5 1.0 0.0 0.0 1.0 0.0 0.0 1.0 1.0 1.0 0.9 0.9 0.9 1.0 1.0 1.0 32 1.3
sphere 5.5 6.5 -1 0.5 1.0 0.0 0.0 1.0 0.0 0.0 1.0 1.0 1.0 0.9 0.9 0.9 1.0 1.0 1.0 32 1.3
sphere 5.5 5.5 -1 0.5 0.0 1.0 0.0 0.0 1.0 0.0 1.0 1.0 1.0 0.9 0.9 0.9 1.0 1.0 1.0 32 1.3
sphere 5.5 4.5 -1 0.5 0.0 0.0 1.0 0.0 0.0 1.0 1.0 1.0 1.0 0.9 0.9 0.9 1.0 1.0 1.0 32 1.3
sphere 5.5 3.5 -1 0.5 1.0 0.0 0.0 1.0 0.0 0.0 1.0 1.0 1.0 0.9 0.9 0.9 1.0 1.0 1.0 32 1.3
# level 3 spheres
sphere 4.5 6 1.5 0.5 1.0 0.0 0.0 1.0 0.0 0.0 1.0 1.0 1.0 0.9 0.9 0.9 1.0 1.0 1.0 32 1.3
sphere 4.5 5 1.5 0.5 0.0 1.0 0.0 0.0 1.0 0.0 1.0 1.0 1.0 0.9 0.9 0.9 1.0 1.0 1.0 32 1.3
sphere 4.5 4 1.5 0.5 0.0 0.0 1.0 0.0 0.0 1.0 1.0 1.0 1.0 0.9 0.9 0.9 1.0 1.0 1.0 32 1.3
sphere 4.5 6 0.5 0.5 1.0 0.0 0.0 1.0 0.0 0.0 1.0 1.0 1.0 0.9 0.9 0.9 1.0 1.0 1.0 32 1.3
sphere 4.5 5 0.5 0.5 0.0 1.0 0.0 0.0 1.0 0.0 1.0 1.0 1.0 0.9 0.9 0.9 1.0 1.0 1.0 32 1.3
sphere 4.5 4 0.5 0.5 0.0 0.0 1.0 0.0 0.0 1.0 1.0 1.0 1.0 0.9 0.9 0.9 1.0 1.0 1.0 32 1.3
sphere 4.5 6 -0.5 0.5 1.0 0.0 0.0 1.0 0.0 0.0 1.0 1.0 1.0 0.9 0.9 0.9 1.0 1.0 1.0 32 1.3
sphere 4.5 5 -0.5 0.5 0.0 1.0 0.0 0.0 1.0 0.0 1.0 1.0 1.0 0.9 0.9 0.9 1.0 1.0 1.0 32 1.3
sphere 4.5 4 -0.5 0.5 0.0 0.0 1.0 0.0 0.0 1.0 1.0 1.0 1.0 0.9 0.9 0.9 1.0 1.0 1.0 32 1.3
# level 4 spheres
sphere 3.5 5.5 1 0.5 1.0 0.0 0.0 1.0 0.0 0.0 1.0 1.0 1.0 0.9 0.9 0.9 1.0 1.0 1.0 32 1.3
sphere 3.5 4.5 1 0.5 0.0 1.0 0.0 0.0 1.0 0.0 1.0 1.0 1.0 0.9 0.9 0.9 1.0 1.0 1.0 32 1.3
sphere 3.5 5.5 0 0.5 1.0 0.0 0.0 1.0 0.0 0.0 1.0 1.0 1.0 0.9 0.9 0.9 1.0 1.0 1.0 32 1.3
sphere 3.5 4.5 0 0.5 0.0 1.0 0.0 0.0 1.0 0.0 1.0 1.0 1.0 0.9 0.9 0.9 1.0 1.0 1.0 32 1.3
# level 5 sphere
#sphere 2 5 0.5 0.5 1.0 0.0 0.0 1.0 0.0 0.0 1.0 1.0 1.0 0.9 0.9 0.9 1.0 1.0 1.0 32 1.3

# whatever spheres
#sphere 1 15 0.5 5 0.2 0.2 0.2 0.0 0.0 0.0 0.2 0.2 0.2 0.0 0.0 0.0 1.0 1.0 1.0 1 1.3
#sphere 1.5 18 5.5 5 1.0 1.0 0.0 1.0 1.0 0.0 0.0 0.0 0.0 0.0 0.0 0.0 1.0 1.0 1.0 16 1.3
# refraction spheres
#sphere -5 5 10 5 0.2 0.2 0.2 0.5 0.5 0.5 0.2 0.2 0.2 0.7 0.7 0.7 0.2 0.2 0.2 64 3.0
#sphere 7.5 5 10 5 0.2 0.2 0.2 0.5 0.5 0.5 0.2 0.2 0.2 0.7 0.7 0.7 0.2 0.2 0.2 64 3.0
sphere 1 5 0 2 0.2 0.2 0.2 0.5 0.5 0.5 0.0 0.0 0.0 0.7 0.7 0.7 0.2 0.2 0.2 64 3.0
sphere 1 5 75 50 0.2 0.2 0.2 0.5 0.5 0.5 0.0 0.0 0.0 0.7 0.7 0.7 0.2 0.2 0.2 64 3.0
